n-random VectorInsertion[ns] ArrayInsertion[ns]
466074  7358238  2183111
185143  3144916  510203
652986  11851360  2680014
139384  2050010  410602
221412  3471418  1025105
714057  11908661  2130211
200680  2755414  910605
591369  10938956  1737108
658270  10718055  1945710
348329  5305127  1584508
188878  2447813  588403
252876  3668018  1133406
163709  2435013  499702
846358  12995467  2515612
241613  3338017  1079206
765810  12047161  2275712
517174  7099336  2272212
161637  2229411  697504
487349  7063936  2371412
63013  712204  214601
145810  2265111  408002
117332  1601809  482602
276760  4988826  832504
470456  6898435  2040110
867651  12394564  3438917
444012  5456928  1910510
839234  12012261  3329517
224969  2696814  683203
210048  2616214  848704
460299  6551433  2001511
927743  12904366  4024620
314893  4282122  1420407
742175  11314558  2945515
319892  4343422  1429407
206643  2572414  905804
565075  9755550  1690609
566145  9454948  1686708
556893  9406847  1660609
760313  11303558  2251011
992105  13727870  3981420
384695  4974025  1731909
426970  6832235  1853009
521064  6849335  3129316
121788  2021810  371502
871733  12567764  3878220
188574  2619914  566003
952825  14935076  3804719
884762  13661570  3705419
96900  1224106  332202
633643  11031056  1996910
717537  12704765  2227412
590993  11401358  1792109
919626  13621569  2798115
785612  12136662  3549218
57807  670903  228801
836824  12639265  2620713
532330  9760850  2306912
668882  11024856  2112211
301783  6217232  927704
557439  11631859  1633008
322758  5657529  1441207
373972  5902030  1709808
894382  16990787  3569218
67739  989805  186701
264474  3998521  1211606
669755  14234973  2939215
251296  4725524  838904
419225  6157531  1240507
492106  8675244  2225111
105129  1411908  325801
384046  5912031  2578413
799690  12506664  4760424
491509  6136031  2287012
305303  5064126  1355707
825278  12789365  3289917
810648  12736165  3295217
899950  12237662  3966420
294129  5378228  1367107
115254  1515707  367502
55959  659304  218001
866139  14461874  2790514
608170  11529459  2252211
258850  3365317  1137606
233308  3279917  1006105
144346  3375817  3485418
722652  12385663  2225812
749581  11808160  5399128
597358  12900965  1893909
62240  750204  210101
378620  5632829  1122606
225706  3234916  973705
534610  9831350  1561808
502863  6667834  2181511
694533  10865056  2659713
402260  5046326  1709909
303955  4648924  1333806
357239  5210527  1553508
281115  4447523  1231506
82235  1100206  226701
654928  10783055  1931110
676579  10492653  1996210
919312  13006067  3972920
508518  5973731  2264711
358441  5277927  1524408
490363  6515833  2182011
217658  2710414  962605
75195  1042005  208801
934959  13648770  2724614
250361  3521118  1077905
800827  12159363  2401412
180949  2584613  563903
219701  3285617  957605
108495  1309306  505003
363375  5743129  1073906
447809  6624233  1953210
411355  5798230  1803709
915489  12817566  3616918
312534  4351822  956805
906686  13181067  2624014
514673  6950835  1888210
453668  6000531  1962510
810581  11823160  3235916
654697  9397548  2825415
319445  5113826  935305
566760  11538459  1867109
439143  6110731  1894910
198491  2499713  861804
98790  1307607  457102
382410  6153232  1157206
810364  13517968  2397612
471797  8312542  2172911
818258  12595665  4497123
942429  14295973  4261721
933400  13929671  3956121
704557  10559754  3095815
502995  6185332  2211811
897812  13846971  3609918
489981  6024631  2081011
552345  10668254  1756009
718391  11380758  3461618
58893  807404  195101
780805  11194657  4581624
661643  9992451  6874235
274590  4207621  894305
922079  13869871  2811714
285227  8021941  1208206
729604  12444864  3594718
550065  10215352  1668109
656886  10611054  1927510
860096  12515263  2589114
962194  13633769  3835420
967725  12580164  3851420
370731  4790524  1112406
996864  14049471  3973921
779915  10637954  2304812
823114  13001766  2440713
329435  5348927  2346212
205773  3109916  1012105
873179  12611764  3515818
747382  10547254  3044416
528871  10172352  1558008
305705  5523028  2013410
399593  5858630  1718709
698650  11945461  3138216
767282  12335463  3448617
60660  823805  197301
212342  2743414  662503
586255  11483659  1763509
494303  6733434  2287912
957374  13648369  3748219
279069  4104821  1255606
910953  14035172  3626318
965548  12794965  5040326
376429  5001126  1648708
209337  2695014  894304
297100  6215032  1369607
911715  13103067  4904125
728486  14667075  3337417
799339  11421858  3491518
667928  13609370  3119615
570596  11205558  2575913
682913  10379153  3016815
675964  13383969  2894214
387573  4973826  1758609
613580  10336652  2382713
329658  4707924  1508407
74693  1101406  265101
502663  6929436  2171111
841722  12263962  4155822
169427  2539613  507602
733134  11144157  2201011
532683  11234358  1572308
377669  7066636  1219706
976097  14054472  3904420
687813  11704659  2049711
553184  11271457  1736809
610392  10845256  1815809
764613  13150667  3158416
85746  1605308  254902
944665  15216777  3062416
816875  13049467  2454412
647860  10987056  1923210
391408  7037036  1142206
694851  11247957  2225312
561233  9777250  2760714
271007  4582823  780904
223508  3228417  957604
289681  4810724  1294607
449741  7786039  1996011
267262  4295322  1223206
536017  10672254  1766309
88424  1173106  264002
700776  15490479  2235711
929238  13597870  3814819
696456  15258278  2064410
242878  3314316  702204
930548  13914871  2773214
60407  740504  250501
989250  14171773  2929715
786637  12115661  2369812
500036  7011935  2147111
825502  11780160  3622219
444480  5585528  1289407
470859  6910335  2074411
975365  13365268  3953920
255384  3046016  781804
455590  6482933  2031510
198877  2510213  876604
944652  13319767  3751220
457982  5643228  1978410
663538  10449153  2858614
866369  11705960  3369417
774913  10650755  3053515
168724  2227912  529502
299925  4464923  927105
995782  14112272  4312222
978407  12849265  4030921
755238  10721055  2238111
160912  2424113  729203
889501  12878066  3503618
504887  5981030  2178812
249796  2953915  1100705
234070  3185817  1023805
372815  5723829  1638008
102670  1267507  327201
995391  14042172  4012221
776965  10631254  2296812
530092  9623649  1564408
179923  2349612  522102
283995  4999126  824304
681190  10996656  2121911
865962  12544564  2577913
891910  13400169  2660713
945768  14713075  2889815
282067  5064026  863504
506004  7167837  2260211
396396  5554329  1740309
774937  11386858  3372617
184978  2420712  595203
619383  10106852  1815409
647123  10565054  1921410
447051  6252732  1943910
224245  2759614  1733309
53658  748004  205901
144455  2240911  629203
297300  4920925  1283307
246563  4335622  1114506
940719  13612369  11863661
112579  1340207  335501
331297  4783925  986605
364885  5985630  1100706
447226  6795335  1950510
832846  12527864  3372817
689054  10227452  3115216
642267  10039851  3047416
800245  11629059  3453818
662080  9794650  2946215
669036  9935051  3072115
486088  5914930  2124111
771730  11859161  3001215
851706  11612359  3362817
541896  8596344  1626809
864508  12663264  3942520
811424  11553759  3278417
421818  5568629  1817109
685725  10510453  2957416
989545  12949366  3958920
979613  12801565  3997721
229126  2845214  717704
858123  12427663  3674819
131727  1947910  392802
425261  5660729  1844109
838427  12102662  3225616
388048  5133127  1765309
586045  9856950  2526013
58094  671703  234601
153073  2171912  421502
79745  1089605  256402
552581  9587248  1669209
209759  2564213  903905
873774  12624164  3423618
435793  5372127  1860309
601954  9681849  2627913
297124  4135421  1257007
864355  12146962  3435617
727187  10160252  3114016
381107  4929125  1639809
220124  2691513  945905
423942  6142232  1820509
735559  11137557  3353417
258866  3068715  753904
123640  1460208  360202
559955  9816350  1687208
249936  2994716  1065205
271600  4668624  1171906
501305  6549133  2211212
746829  11330857  2911815
781430  10785355  3356817
696934  11518059  2760414
749412  10781755  3348617
520852  6717035  2616613
287821  5390428  1250706
700506  10716755  3011615
97679  1224206  333102
436727  5640629  1888609
725280  11117257  2841915
141819  2014710  442002
880317  12149962  2581013
505187  7089137  2178911
863998  12103762  3727419
783623  11074056  3059816
882558  11601859  3528818
125898  1448907  401602
306223  4331822  1308707
109909  1376607  302902
617997  10251152  1836009
237313  2987115  1042905
365761  5768330  1574508
135856  1976010  435802
651272  10427553  1925410
182992  2472813  771204
379048  5727429  1667008
857990  12446664  3734619
285319  4085021  1249206
192265  2459413  842204
735565  11553759  2199911
525297  10095652  1539107
533856  9668650  1537908
466708  6510733  2104211
860751  12589064  3529818
440786  5673429  1940110
662756  10434953  2914815
156593  2134111  483902
103559  1269307  285301
531674  9783050  1672709
248446  2923915  1107205
291677  4921925  1284507
653198  10700455  2895514
678666  10380153  2638214
719897  10100751  3184417
666602  10265052  2928915
351385  4687324  1536308
625713  10422253  2425012
962063  12978767  4190221
849119  11616759  3370517
127615  1529008  351502
478489  6063631  2053510
284317  4598924  1271006
102680  1291307  318002
788712  11959861  2310011
205407  2908115  939605
377564  5768830  1586608
57871  732003  184901
933804  13281468  3718619
410934  5450428  1757909
468273  6269832  2040510
856642  12127762  3374917
506139  5971831  2264611
404206  5877230  1764109
998285  13720270  4294821
808107  11158057  3177317
765883  10560053  3314817
997714  12797366  4021720
221443  2738614  656404
684974  10651054  2014410
440465  6304132  1953910
646016  10452554  2493012
368322  4899725  1088506
293505  5110026  861604
382205  5793830  1687909
219657  2686113  957705
862417  12570264  3996321
575106  14437973  1831310
314052  4914925  1398307
768356  11737460  3073016
557372  9197447  1691508
215305  2745914  950405
636985  10551354  1975010
482332  6587234  2189011
289975  4794524  1320307
