Experimento 2
n-random	VectorInsertion[ns]	ArrayInsertion[ns]
51101	642503	190101
58496	725304	186201
58882	739704	163201
63793	768404	176401
64628	773404	202701
65080	803004	215301
66250	972605	182801
69049	996606	190500
73300	1156505	273602
76430	1079706	251601
77830	1071905	255001
79819	1276407	221401
85982	1150706	291501
95584	1226807	311201
95941	1279606	309002
98297	1298307	272801
99414	1370507	290702
104407	1372207	287802
106595	1294207	354001
108052	1331307	338902
109931	1350006	340302
113523	1390707	334502
116909	1488208	476402
116978	1419107	498103
118185	1423807	357402
119886	1461107	346602
125621	1494308	392002
131697	3608418	362902
134240	2300012	575003
134412	1986010	555403
135484	2047710	664604
138224	1989310	594503
139498	2687014	461803
139639	2165111	460302
143507	2036210	395302
147352	2094910	464703
147512	2160811	641403
147806	2146911	659004
148386	2591013	652503
152036	2907315	504602
152949	2494812	639604
153359	2304412	696204
156193	2147311	653104
156236	2374612	459802
157697	2338612	703703
166956	2591113	738804
175216	2421012	576503
176421	2358212	663104
178647	2352012	550303
179392	2363812	757004
181010	2362012	876605
181702	2374812	797604
183822	2733514	864805
184256	2416512	507103
185847	2771315	578803
186375	2647713	820904
187847	2967115	785704
192648	2835215	885304
194433	2522213	600703
194586	2589913	852704
194702	2560414	924504
195391	2453613	602803
195664	2515413	831704
195932	2541313	863304
197693	2463512	636403
197758	2941315	868004
202251	4226522	923905
202879	2959215	910305
202892	2554213	595703
202983	2577513	589203
203908	3509218	950105
207484	2851515	891604
208437	2611213	645803
212247	2622913	920005
212764	2923815	585903
213217	3350618	661203
214996	2968015	938505
216186	2681513	1014305
228694	3177716	1048505
229285	3377917	979205
230668	2845514	655504
240435	2897115	1035605
241020	2967715	1051805
244865	2892215	1055805
248990	3039715	766804
250728	3009816	1369207
261809	3444918	1150806
265436	5897830	1200006
265733	4135221	1189306
266328	3971920	1135306
266332	4725524	1136806
267253	4143221	1161806
268685	4625623	794004
268740	3934920	1155405
269071	4167422	1169206
271618	5159926	826104
271693	4263521	1695009
272573	3943220	1176206
274908	4267122	1198106
275613	4329822	835704
278258	4196621	1216606
278535	5049725	839105
280484	4489323	1187006
281941	4407323	1223806
283091	4434322	843505
283956	8824345	884105
286176	4106121	818204
297869	4165921	871105
299762	4552823	901205
300731	4596923	1341507
302204	4643723	1299607
302215	4668224	1281406
303867	4874825	1310607
304911	5240827	875704
309152	4807824	1310707
310740	4814525	1357007
311538	5165626	1344207
313060	4529623	1360507
313179	4836424	1407007
313826	5087026	939105
320764	4896625	1351307
321480	5293427	950104
321574	5186426	1386307
325541	4556823	961505
328321	5322827	1416107
329207	4969826	1404207
330182	5193027	1428107
340531	5264127	1438407
341518	4490723	1502008
343878	5139526	1513608
346595	5382227	1521208
347900	5161527	1497407
350337	5111726	1544708
354217	5613329	1136106
357890	5644128	1534808
358749	5416228	1579808
359088	4876825	1568908
361342	5678628	1059706
361778	5751229	1061806
362053	5185727	1558008
372740	6220132	1635908
372860	6259832	1778709
375023	5248927	1620408
375802	5982131	1605208
376173	5649829	1985410
377948	5730830	1608808
380080	5294027	1669808
380970	5772630	1114205
381158	4986225	1715909
381522	5507228	1794709
382138	6926235	1140006
388726	6296932	1174706
392451	5574228	1710209
400316	5149826	1791609
404239	5679829	1811710
407609	5966331	1781009
413226	6250932	1787909
417814	5704829	1946110
419280	5793929	1944110
422220	6231832	1826009
431704	5926530	1865910
433021	7668839	2028811
438532	5814329	1955610
441474	6038631	1929410
454710	5935030	1998810
456806	6744935	2065510
460131	6242032	2738614
460404	6453633	1980010
462968	6338332	1989910
464524	6639734	2011610
465462	6459633	2018611
467109	6798135	2015910
467953	7099537	2008110
468193	6797934	2020111
468404	6803935	1404807
470900	6604234	2015110
474313	6618434	2090711
475214	6863335	2103511
476031	5723530	2040010
476864	7248037	2277912
478756	6327332	2050911
481657	6826535	2095411
482604	6553533	2102611
483026	6321332	2072711
488482	11082456	2241912
493247	6330833	2224711
495676	6764034	2229412
495681	6666834	2133611
496502	6519133	2138611
498336	6614634	2163311
498874	6530233	2403413
500071	6982135	2213012
502651	6619634	2178511
502656	6594534	2262012
505156	6430933	2322812
505478	6991436	2218911
508239	7068636	2223211
508294	7219637	2169511
508570	6097431	2220312
510896	6002030	2241012
511080	6691035	2219611
512181	9124747	2612113
516809	7879741	2222611
527403	9001046	1522308
527980	9419148	1764209
529433	9879851	1592308
537460	9669249	1581608
540392	8433143	1623308
541719	9963650	1656809
546096	12584164	1745309
548024	10339352	1659409
550286	9116246	1655309
551425	8768545	1732809
552428	8563743	1694509
554544	8731145	1694508
555560	8929446	1714408
556856	8761745	1690209
559745	9033347	2477412
560947	9789850	1618609
570502	9585048	1661308
570507	9959751	2134711
573719	9174947	2529213
577802	8650144	2552413
579305	9492548	2536313
582377	8709844	2618414
582388	9826150	1800209
583361	10002951	1738909
583784	9559948	2533713
584036	10361053	1720008
585083	9865150	2536613
593696	8975446	2654213
599664	10543054	2583013
606299	10574354	1805709
608627	12721165	2674714
612688	10143452	2638413
612793	10534454	1905010
614184	9716749	2790015
616274	9426748	1798310
617719	9749550	2783714
618162	9669049	2333212
618329	10399053	1826210
618649	9098246	2667014
621887	10362553	1809409
623325	10941955	2756415
628518	9865450	1908410
629451	11891161	1987010
630073	9992351	1848609
630841	9425348	1871909
633235	10617354	1897610
635434	10398753	1858409
635535	9304748	2855514
637395	10598354	2538813
649596	9944751	1901909
650754	11399558	2875115
655711	9845250	2532113
659826	10607054	6547134
661239	10894456	2920015
666385	9789650	2575313
667418	9590149	2945615
670606	10238652	1980710
672925	10458553	2906115
675743	11276558	2061410
677370	11414259	2020910
679421	13092866	2069211
683833	11530258	2094710
684089	11735760	2095411
686727	10466353	2027211
688025	10387453	3132316
690032	11008956	2033810
694857	9832350	2041011
698446	11223757	2694614
698462	10781055	2322312
706906	11352758	2092210
707777	10291253	2376312
708029	11595759	2746914
708682	12147462	2079510
711198	11617660	3422717
712912	13357568	2333812
713891	10349453	3415617
715219	10085352	3143316
716780	11514759	2107811
719564	11386658	2234012
722614	11020656	3100516
722895	11071657	2790714
728105	11476559	2175811
729840	12112161	2166311
731564	11234057	2212011
736613	10592154	2876615
739333	11137256	2193612
740245	11119056	2167911
742216	10524754	3147716
743475	11311657	2180812
745777	10641054	3336517
747368	11467258	2190411
750275	10702254	2950915
751055	12048462	3154716
755718	10995556	2226511
758753	10893956	3323516
761608	10459254	2303312
763008	10380652	3349417
765097	11852461	2297611
765253	11686860	2262011
766898	12039562	2323511
768387	13655469	2454313
771426	10721454	3415218
771647	12006862	2256411
774219	11670360	3315017
775936	11803060	3645919
777218	11873360	2424813
777927	12205262	2279212
778037	11606559	3034915
780278	11908061	3480817
780649	12133061	3654219
783390	11477358	2336812
785102	12274262	3104816
789189	11071356	2383012
796380	11486159	3465217
796913	11712960	2321212
801310	11765860	3189717
802642	12897866	3250717
803299	11038556	3526618
804542	11977561	2419113
805426	11630660	3249916
805931	11337657	2351612
808048	11909660	2434113
810758	11183957	2390612
811429	11081257	3278617
812645	12118662	2689814
815227	13945771	3496718
823120	11896261	3593418
823707	11981361	3246916
827630	11347658	3252017
831886	11798960	3651719
833830	12130862	3277317
834923	12314262	3467218
840021	12079362	3706219
848496	12316663	3285016
850492	12253063	3342917
856571	13842771	3450917
859852	11914561	3334517
861255	12839465	2582913
863293	12149162	3769920
867626	11728760	3460317
868408	12707265	2698514
868583	11554459	3748919
871507	11762260	3771219
875313	12992166	3477718
877170	12854366	2543113
879074	12438763	3461218
879247	12223563	3470317
880764	12793765	2595713
881972	12626664	3851820
884460	12240063	3525918
888471	12606864	3840020
892834	14854675	2813515
898031	14176072	2781414
898568	12796965	3634018
904352	12726065	3610919
911372	12932566	4140121
911649	12673064	3958621
912018	13289268	4010020
912768	12280963	3978520
913569	12475364	4629123
915258	13575270	3710418
917526	12270063	3981820
924412	12842266	3818819
927685	13384168	4116221
930372	12177763	3693218
943593	13390368	3737820
944768	13049666	3911520
946651	13196568	4093820
952020	12404563	3855520
952154	13176267	3813120
953734	15602879	3805020
955582	13480069	4264922
958381	12458063	3857520
958770	12400464	3846819
959586	13043867	4814624
962544	13990072	4364622
964190	13413368	3845820
965293	12469663	3933920
965321	13143267	3945320
966742	13221267	3836920
968624	12517964	3892619
968646	13332668	3839720
971286	13319268	5202227
978469	12632564	3923020
981807	15407679	4449422
984554	13482769	3953820
985332	14139472	3990220
985829	14025772	3934420
985875	13422469	3962220
986457	13890171	3929720
987613	13755470	4333422
989674	12740065	4008320
994416	15795981	4002920
996450	13630869	4153221
996458	15266278	4177121
996933	12824666	4350422
999073	13013866	4048921
