n-random VectorInsertion[ns] ArrayInsertion[ns]
283557  5705330  1264606
673948  11916061  2802214
882050  14335773  3458418
274628  4826425  834904
115135  1606608  334702
135614  2410512  632003
82828  1127206  250102
459247  7123436  1361807
224211  3544418  1052705
191467  2922015  607103
971852  14774476  3027815
285792  5213927  853804
462676  6676534  2109911
154756  2169211  426302
606857  10801855  1813710
311476  4875025  930504
396250  5989631  1738809
707741  11023156  2755714
618874  9616149  2704314
836604  11312358  3695318
459210  5520128  2019410
355667  5192926  1585009
106464  1294306  335602
796138  12106062  2347412
663292  10961956  1971410
616965  10413953  1829709
589377  10130352  1766409
215195  2714014  945805
357092  5479427  1605409
778778  11680459  3020916
168318  2273711  463503
857056  12085861  3917520
848370  11601160  3332117
188235  2456612  518703
68645  1072905  230501
735545  11287658  2157711
140588  2128611  430502
488986  7082436  2146311
544782  9355748  1664008
347366  5063026  1021505
569953  10091452  1700509
423006  6116731  1838109
348677  5067326  1050605
996711  14072172  3999321
995085  12872665  4017321
263126  4491123  790704
572342  10047651  1725109
87749  1162706  243101
426995  6124931  1882210
265381  4267222  773604
513810  7337237  2233312
114297  1359606  368302
154534  2331912  446903
157801  2591013  704503
939996  13307668  3760319
549670  8399043  1643909
201046  2502412  885505
510969  7088036  2275212
476870  6370632  2127611
722628  10548254  3165116
71928  1020605  204601
929124  12463264  3696219
961902  12547064  3869920
845028  11380158  3710719
452653  5588028  2088411
809112  12024661  3265517
923986  12088761  3778420
110414  1360407  306601
416476  5442528  1824909
497178  6597534  2168511
319297  4816925  1404707
561075  9262347  2432412
822396  11257658  3609418
243305  3034216  747204
959885  13045366  3912320
578612  9046546  1713309
429035  5984731  1892309
64254  740304  253801
432728  6381133  1938210
621441  10174852  2779914
794520  11242157  3467218
623344  9950451  2765914
593944  9109946  2658014
352279  4652324  1085305
847277  12431764  3428217
809045  11307358  2397712
220079  3053316  674703
740287  11625359  2192812
337342  5326727  995805
306822  5232627  917304
192051  3000916  903304
138106  2334512  661103
448086  6642034  1946510
664284  10274153  2886714
310629  4270922  1400807
930303  12840566  3752019
174781  2353112  499903
934185  12788665  3723519
99849  1257606  301502
445018  5583228  1936910
188433  2464713  830604
235032  3136616  1028005
79511  1077606  255101
691151  11120057  2052710
134415  2028311  370302
964539  13890970  2855315
120654  1657708  520203
86205  1242706  411003
765818  11795860  2278311
199511  2738514  843005
337475  5407227  1449308
909871  12860165  3956820
246077  2924915  742604
636002  10434453  1886810
53076  681204  182001
867283  12736564  2535413
192692  2849915  850304
995947  13903971  3993621
116838  1388007  361102
133313  1985210  414502
104461  1312607  333601
317063  5272427  938305
63036  735004  200301
255120  3587018  1197206
534139  9883551  1582308
291530  4647123  1287107
919006  12816465  3741919
538386  8717945  1696009
958808  13266467  3937420
514702  6058731  2292112
506121  6732734  2259912
688683  10543654  3078315
274476  3975221  1208406
529377  9514148  1530008
756809  11692060  3003015
784520  10772855  3477018
169181  2287112  485702
572593  9811950  1701409
767628  11499258  2343412
85397  1144106  354202
697835  11365458  2089411
815272  12078961  2416913
899400  13041766  2696614
292553  5077626  851504
708332  11433159  2079210
779841  12088162  2535613
126135  1572708  587403
975291  14260873  4235821
134006  1939910  434902
249413  3044716  1024705
789458  12031161  2574213
320499  5159926  1377007
671207  10442953  2883215
357890  4705924  1556908
783452  11624159  3075116
318038  4387822  1387107
721906  10821956  7192036
200593  2653114  552503
843305  12135562  3378917
241009  2888015  689703
826984  11877561  3622018
347400  4597924  1510907
996248  13641070  3995920
366920  4741025  1604608
935015  12934866  3754619
125306  1445807  391902
845410  11728160  3403618
747787  10453753  2309212
207719  2800914  911005
898078  12975766  3927020
358270  4738624  1566908
141573  2011010  621004
902127  13053866  3669819
961604  12685665  4000420
521453  6086931  2293312
56773  687603  211601
619312  10063652  2742314
825443  11143057  3308016
330345  4480023  1465708
406539  5692829  1779109
816659  11841260  3649119
575139  9290647  2572413
393527  4983726  1832709
57111  646904  193501
331353  5347827  1445807
642696  10567854  2510213
426004  5527928  1890910
567609  9505948  2555213
155717  2131911  460103
950667  13112767  2844514
721453  11403158  2116011
888210  12889666  2610913
380371  5958731  1137705
143658  2406113  634203
934277  13320468  4063221
960757  12558164  3888019
735735  10477553  2191311
426409  6273032  1876810
675119  10688654  2587813
453233  5512728  1972710
67899  992905  187601
657493  10498053  1973610
825537  12041562  3531618
894730  11971761  3562418
501334  6027431  2195611
895614  13848771  3560118
428106  5296727  1856709
119972  1415708  385702
503551  7068836  2193011
852675  11926161  3664318
944955  12345363  3804820
296519  4182921  1285107
947585  13128167  3818819
784193  10763055  3620719
760574  10986256  3027615
77195  1117206  256301
289329  4123021  1244106
993557  13825471  4058021
141325  2115111  440802
299607  4466623  898604
221624  3204117  963104
987186  13787471  4046020
150896  2208112  454602
897204  12359663  3973120
247521  2929715  719404
320430  4743824  1429008
680088  10766554  2618314
621882  9077846  2717514
300155  4171821  1327307
942587  12734465  3766219
727487  10105452  3159416
516257  6043231  1994710
865711  12005861  3451818
520839  6136331  2204711
178051  2352412  770304
689899  10940456  2028810
905111  13201568  3984220
433884  5379428  1878109
948354  13125867  3786419
798300  10998057  3152516
420966  5230726  1835810
173573  2279711  778404
570309  9626549  1689209
575449  9409948  1678409
878470  12864165  3811420
793698  11092956  2365112
557268  9970351  1670609
964027  13264867  3846319
300795  4173421  1319307
399505  5578729  1744709
949453  12984666  3797319
765279  10474054  3412217
603562  9450548  2247412
230214  2809914  705304
90016  1163906  250901
819359  11877460  2508613
509859  7091636  2181912
774353  11234057  3350717
976571  12603464  3878020
353360  4662524  1051705
102990  1437108  334901
423875  6381233  1846109
513448  6714335  2251511
927158  12891766  3665818
903193  11882060  3924320
686147  10187852  2727514
301336  4171421  893805
167999  2672614  707903
70701  1008305  245102
541967  9367447  1621509
498811  6587833  2213812
739353  11200757  3280616
261673  3053216  811904
117976  1428007  392802
275632  4874725  784004
224517  3440618  1009305
614761  10449553  1841610
531823  9605349  1528808
691300  10912055  2033211
712003  11257157  2122711
803914  12037461  2592114
982450  13779270  3935920
418486  5177526  1835610
551867  9474448  1670909
623806  10120451  2746014
525345  8723245  1517708
833059  12067761  3325417
415366  5201427  1831309
464602  6296632  2023910
376916  5258427  1635909
196530  2459612  940105
84754  1170206  287501
253336  3598819  1135706
789069  11961261  2440612
860305  13232868  3472017
543486  8684445  1647908
175092  2305612  549303
659789  10780955  1946310
66519  970905  216901
864950  12291462  2565513
278317  4764625  859404
144127  2437413  594103
924940  13260467  3979221
916635  12238862  3581818
610974  9402148  1810209
265579  4370322  1161106
574466  12132962  2736614
277356  4221121  1291007
706899  11315058  3088415
166498  2292612  536003
528516  9495148  1744009
69370  1017905  217201
52541  695304  145401
697078  11484958  2218612
674966  10732154  1995511
722055  11394358  2115110
131281  2071910  389002
633399  11046656  1839610
100986  1303906  295802
57798  704504  173700
676870  11017356  2005110
604555  10269752  1798210
232265  2917414  1005206
795264  11877260  2363012
482264  6751535  2085210
193092  2443313  583903
245599  3633718  1085506
164872  2449712  527903
145337  2493413  452602
63971  829104  310402
574901  9662449  1685109
572197  9342148  1686108
448573  6203632  1346407
523464  7428038  2332011
895142  12318062  3965421
380619  4901925  1111905
148732  2446313  676903
373563  5855330  1631108
424225  5837230  1882610
321378  4830624  1485308
989855  13621170  4052720
329778  4455523  1465707
516034  6801735  2265012
847343  12107961  3493118
710354  10004051  3225017
939231  12259762  3817320
773545  10639354  3390817
877797  11789061  3494017
271877  3922220  1212207
963601  13272067  3895320
132408  1966910  376502
730209  10780055  2140111
705899  10719055  2077110
711762  11015157  2106810
339475  5216327  1529208
954417  13084766  3781420
321027  4369622  1371907
194217  2519413  875104
567907  9644850  1740709
945619  13086166  3784020
564588  8516343  1662209
901707  12377063  3900720
346172  4673023  1462208
395431  5529328  1735409
337503  5077126  1439607
119783  1477808  330001
205620  2862815  903005
714999  11307057  2134911
698107  11119657  2064611
154418  2233811  654803
119738  1446708  510102
286759  5016026  832004
166463  2668314  732104
896968  12961366  3679518
105311  1357906  290102
617557  9413148  1819909
611831  10117452  1899510
902336  12845465  2681814
423281  6379732  1869710
535208  9343148  1613708
984259  13752470  4278622
823603  11188057  3657119
580793  9344947  2401512
470704  5714729  2321911
712233  10633754  3179416
525615  8527043  1552508
840344  11750960  3454818
395709  5007126  1717808
882694  12466464  3919320
88402  1150706  244401
280613  4043521  1288406
792591  11714960  3227316
210241  2631914  644503
625267  9865351  1824709
143552  2052610  433403
606861  10478553  1770309
898575  12765365  2673814
829021  12445263  2496813
922029  13577169  2762214
787404  12142462  2345512
