n-random VectorInsertion[ns] ArrayInsertion[ns]
129007  1846710  686103
427339  6558434  1905810
508091  7451738  2120410
183642  2990616  564603
751851  12214462  2797414
605915  9568049  1852609
133363  1974510  389502
284584  5124026  811405
239775  3436217  1037205
309394  5075526  1323307
271725  4380922  1183906
224605  2722914  973605
536082  9580949  1610708
895926  12498564  3907720
225549  2752814  662103
537038  9529749  1595608
105804  1293207  293701
977974  13838071  3933520
381579  4956825  1120806
158629  2621313  672204
134016  2191611  565903
872378  12950666  3493817
545074  8780845  1612208
738364  11065057  2179611
604041  10238352  1756309
295569  4755424  1291307
766618  10968256  3432817
658226  10016251  2633014
398184  5019425  1752709
230671  2794015  1024805
867774  12801165  3844620
991647  14309473  4142621
212821  2842914  644803
632646  10463353  2007210
742408  11893361  2197311
418572  6222832  1858809
769767  11971861  3295917
159917  2294912  441702
311111  4714124  1365607
374987  5630729  1729608
487484  6501834  2165011
118613  1511407  327302
716827  11353358  2158711
245319  3294517  1074405
455782  6648534  2005910
689023  10780955  3064616
130984  1517608  424902
753223  11236057  2232411
82156  1112906  337502
230933  3355117  1051805
180504  2651914  797104
649864  10935956  1979810
203078  2772514  921705
100488  1281506  483003
951559  14069171  3911520
788987  11148257  2626913
487082  6860035  2161611
332093  4894725  981705
705916  11355558  2078511
843043  12311463  2517812
402714  6066031  1759109
123368  1456308  355602
685065  10904255  2013911
319443  5019425  1453608
119589  1462207  401002
306210  5068026  1324707
936148  13034566  3798819
598244  8936646  2621113
146223  2067511  456902
741819  10981756  2192311
441019  6353433  1935510
725455  11055556  3217416
983192  12985967  4007820
314334  4319022  1400207
927537  12953566  3747619
196635  2541913  541203
150105  2085311  596303
116717  1374007  578603
811245  12323462  2415813
792729  12046461  2315812
913841  13205267  2786914
806587  13231468  2430712
765886  11441659  2245611
948353  13680170  3032815
853045  13421869  2688313
883899  13214668  2607413
550355  9898051  1620708
275680  4389322  837304
525928  9845151  1633608
856289  12208162  2531013
965302  13704470  3871720
303090  4214921  916005
861589  12844765  2593013
228695  3257617  1030205
173848  2762514  783304
245022  3276017  1094406
191129  2762414  853804
523605  6998036  2003710
337284  5010826  1579708
888511  12657164  3950620
744753  11007356  2965116
528572  8698344  1590208
805253  11951261  3557118
987374  12917966  4083221
835946  11549159  3336617
737594  10487153  3239317
178004  2369812  612503
952547  13134167  3835019
561634  9085147  1632408
575631  9962351  1846409
602149  10383353  1781009
284385  4737924  1227207
723798  11079456  2766414
786219  10680055  3425917
339770  4602323  1443508
640328  9918850  2820015
276551  3990020  1182506
487224  6510933  2092411
661678  10722155  2536013
333690  4599723  1620908
952226  13203468  4194821
730566  10510154  2939814
744014  10340552  3220617
164666  2215611  481202
345595  5021426  1577008
751111  11225357  2936515
112595  1407007  351402
739221  10659554  2201412
138943  2230711  454002
355645  5631429  1046005
841258  12444364  2454312
681933  10870356  2246811
63098  797004  209901
692487  10751055  2072711
235108  3012415  1009505
317402  5138426  1395708
348386  5185126  1471808
167097  2261811  696904
791321  11864560  2364612
630725  10230152  1847410
647713  9990451  1899109
952931  13256968  4133821
764219  10849855  2237312
327866  5175026  1439907
560250  9713550  2483613
754104  10952855  3196117
175041  2278811  563403
356831  5087626  1532708
220440  2689314  953604
331439  5222427  1484808
374895  5394727  1656009
154429  2119910  714904
231378  3106416  997605
530220  9480748  1669509
887527  13241467  3643319
400340  5272127  1785209
893828  12743365  3923520
440027  5527828  1934910
432469  6190931  1929110
756264  11643760  2962815
665737  9652149  2961215
701196  10198152  3188116
535879  9656650  1745608
881697  13507269  5114726
328165  4984826  1719909
956873  23221118  5411728
152664  3748919  490502
146852  2237512  534602
751832  12302063  2387912
59127  775704  203801
444572  6795635  1947110
177649  2356212  791004
862960  12598864  3403218
138947  2024510  382702
92249  1211406  294902
860157  12309462  2547813
285176  4905225  832804
122989  1660208  358602
465330  6844835  2226511
307741  4654624  944605
505136  7515738  2387812
324082  5093626  962205
971406  14003971  4597524
595566  9971051  1963810
75202  1194006  238001
86085  1251206  414202
476280  7492739  2187711
133224  2068310  610603
150906  2304912  655104
708434  11179157  2129410
270678  5079126  7408638
485436  6579234  2108310
288704  4473923  1239007
915057  12784265  3711819
848952  11411558  3553918
315394  4363922  1377007
310189  4670224  1359207
881181  12298663  3790219
175283  2297412  511302
241563  2895815  938405
396733  5908030  1709809
691005  10889955  2609213
380196  4847025  1667209
437042  6035730  1879210
368414  5237927  1596908
81362  1092005  224102
235471  3131816  1004605
710984  11118356  2126811
851460  12396363  3704819
308073  4279922  1299607
806402  12050961  3133016
494177  5847530  2120611
963454  13105767  3881019
290218  4080521  1272507
169670  2265711  469803
258304  3570218  1165406
986324  13461568  3903820
271572  3950520  1147106
119016  1456608  328201
123668  1497008  499803
52430  672903  211301
720551  11378258  2168511
457672  6353732  1365607
910178  13274268  2676514
154070  2494912  442803
442288  6661134  1282206
928188  13483269  2720714
163386  2615813  521103
747139  11628059  2234911
342261  5325528  1006405
105076  1417807  359002
364794  5867430  1143506
968188  14535574  3861219
753613  10419653  2234012
849749  14210672  2712514
791560  12701265  2394312
630093  11498959  1912109
173366  2417413  736604
790892  11783560  2359412
385487  5765029  1708009
534378  9015946  1600008
983234  13482569  4299621
838196  11584159  3281816
114796  1455308  316301
254864  2990816  772903
102331  1286706  445802
228491  3269217  992605
875816  12873166  3428217
325270  4431123  1407507
324013  4842125  1382207
634297  10147151  2943115
198631  2555913  578003
985082  13404569  3969120
882333  11678959  3811420
475425  5710429  2098211
310569  4756024  1310007
455413  6126931  1984510
435252  6297332  1864610
57918  687203  166401
317007  5096626  1377807
115467  1424807  373002
431324  6247332  1866309
735254  11474959  2894815
258678  3154216  802004
717714  11060156  2188611
996658  13851171  4038221
886565  13177267  2907615
231098  3421817  1027705
311316  5233927  1370807
520966  7326937  2430313
870890  12627764  3932320
148870  2092111  421602
763181  11455558  2230512
991733  14150972  4334722
754859  12050761  2383213
515720  7402937  2369512
855436  15464479  3456018
600614  9385948  2650313
983048  12829466  4008820
719233  10542654  3265216
877269  12543164  3521618
137011  2002511  424902
877803  12279462  3495818
724194  10684455  2200211
84631  1144006  319401
97777  1512008  431302
764245  11849861  2738114
245904  6542033  1088606
571169  10084051  1830309
479486  6540634  2090410
438589  5969331  1892109
133928  1968210  571003
426166  6193932  1905710
390431  5676329  1695008
329107  6619634  1459207
409130  5723330  1767009
346915  5091026  1539507
501642  6618434  2197011
955625  13143667  4034321
152145  2107211  419702
942885  12996166  4620324
153844  2158311  520502
624748  10212452  1864110
252483  3059815  1074206
497135  6960035  2140511
956029  13125767  3803520
367486  4823424  1546408
747074  11227457  2904415
90653  1191306  266402
883053  12060961  3803519
908887  11961161  3542718
512681  6055231  2226312
58515  682403  185601
610929  10379553  1813409
162661  2213712  447602
745448  12148262  4868525
140020  2246011  583303
595994  10335453  1741709
602617  10137651  1861810
843869  12217862  3454618
347758  4644923  1541008
490567  6800235  2229611
438819  6082131  1946810
168034  2356112  883305
82762  1293406  229201
797861  12830265  2596913
639456  10330253  1908410
888288  12512663  2647614
975105  13788370  3922620
847658  11933161  2645513
85225  1150206  274402
267772  5042125  821305
638662  10566453  1892510
989767  13647370  4297322
77338  1134405  213501
265139  3915220  804604
691014  13234268  2068210
449229  6610133  2359312
470208  6610034  2061610
424855  5900431  1932409
402355  5617229  1778009
166770  2299612  734304
535821  10241952  1604308
112168  1381307  359602
216195  2802814  996205
770199  12137862  2943315
634826  10929356  1929710
600641  10425153  1787609
633602  10544354  1873809
978556  13552269  3909820
718398  10444453  2106811
682305  11024256  2022611
553202  10073451  1731709
780353  15505079  2516513
634355  11381158  1910709
247494  3058815  1074006
833156  12570064  3249116
301999  4272822  1298807
478912  6772334  2055011
88081  1148306  244001
645839  10669454  1913910
508039  7000536  2188111
773788  11700159  3353617
374075  4967225  1620508
500354  6595534  2253711
601129  10284553  2276711
117673  1446008  362501
407398  5774130  1812809
517821  6870435  2363212
525248  9318448  1581108
833664  11922061  3723219
152822  2109310  486003
80143  1111705  221002
217967  2770314  941304
358153  5479027  1570808
500954  6648434  2178811
458258  6179832  1970910
224840  2843114  971105
95318  1278507  474402
723563  11670960  2221511
934273  13156967  2779814
627362  10833856  1884909
516146  6888635  2201412
599298  9974350  2607114
445160  5432327  2003311
534261  9637449  1585208
939722  12956266  3731619
803405  10991156  3107616
120367  1457907  344502
427570  5525928  2104411
314375  4769424  1376207
732115  10905956  3253816
572150  9016646  2458513
449792  5525928  2146111
404984  5945530  1821510
593471  10503153  2690714
293185  4449423  1339106
373742  5602129  1607108
355016  5691829  1652609
742654  11775360  2893814
392899  5076626  1717809
986216  13496769  3922120
930360  12687964  4406623
503448  6058331  2190611
945753  13192167  3773319
862714  11521659  3586718
305277  4378623  1470707
835995  11973561  3719819
435447  5418628  1936110
900713  12915266  3666318
635452  9620449  2743514
379538  4844625  1635608
818825  12156362  3253017
812913  11036056  3526318
476316  5713929  2057511
443389  6061131  1937109
133900  1950109  376302
999778  14241173  3964420
210531  2757014  656204
874079  12513563  3487918
525500  8444443  1577108
395095  5517328  1692209
988442  13901671  4092821
302230  5150226  1368407
682258  10424753  3028315
904206  12028561  3577118
51824  605703  206101
130748  1514608  384902
938877  12988866  2898615
882352  13117067  2612713
219522  3213516  949105
710378  11086157  2177711
886531  13244367  3536518
808818  11218158  2473912
557679  9832050  1625109
104108  1329206  286902
636192  10233652  1882010
165757  2271911  492903
70474  1174906  316001
750235  11561359  2200211
895202  12523764  2637214
772284  11731460  2297611
221993  3000516  940804
197528  2768215  859104
147102  2246411  657204
670526  10643154  1969510
773425  11515359  2264011
125359  1510808  492102
352652  5602429  1055805
943904  13487669  2804214
413172  6259832  1773909
837627  12062762  3614718
830368  11443459  3242316
352749  4591824  1035905
838456  13134367  2482112
513240  7168737  2201511
299383  4591824  901304
223676  3235117  962505
990169  13769070  3944020
235685  2830914  670204
66807  975405  211901
180470  2404712  774804
508347  7010836  2195611
409276  5681629  1754609
568170  9412448  2434712
306394  4279222  1340207
753898  11192257  3713019
670493  10234152  2566313
208002  2608013  637904
779936  11350958  2427112
331925  5243227  1399907
333001  4971725  1449008
299770  4557623  1290506
76503  1070106  242701
251303  3267917  1082005
253271  3356817  1093706
224397  3040615  976605
825274  12146562  3582419
385836  4929425  1693408
829680  11846461  3246816
772785  10717155  3378417
625863  9566449  2689414
624849  9706649  2360612
731762  10340853  3202916
112735  1370907  360002
753125  10718555  2331811
511019  6689035  1881509
718360  10542054  3110416
630154  9619849  2388812
840613  11337858  3645918
118735  1431608  360401
696456  10405953  2056710
427804  6090731  1838409
586052  9847751  2559113
819475  11767760  3461017
155405  2151011  472003
508224  6791734  2225412
657884  10325152  2867615
977559  12608764  3905020
192561  2499313  530403
868159  12462363  3396917
50416  659603  173101
532137  8491743  1570008
329166  4909125  972505
145974  2436712  631604
898774  12934566  3898019
472836  5666629  2061111
456453  6139331  2001510
399625  5615429  1726609
748639  11370758  3047215
519863  9856051  2327211
69909  1018606  211601
430605  6262732  1874209
171250  2268312  524902
110597  1499508  495803
716642  11233857  2125011
178831  2539713  3023715
985004  15704080  4084921
106186  1332107  293201
219365  3639419  661203
932702  13411069  4085720
882202  12832966  3581818
416840  5367627  1907710
787816  11626259  3118616
53247  642804  202601
978548  12898565  3861620
183414  2414112  529003
681075  10010751  2003210
241396  3052116  1028505
123190  1525408  495602
309768  5197527  892704
547326  9224047  1596209
524626  8970445  1578008
239929  2839615  1031705
422243  6098631  1759009
712821  10705155  3053815
762295  10499254  3243616
190602  2411413  572303
193697  2466512  731204
130953  1553608  539503
976041  13450368  3890120
815800  11093057  2372512
457763  6549733  1956610
370752  5264727  1095705
508960  6996336  2170911
863457  12307663  3437817
72958  1055106  201601
533631  11588959  1583908
490091  9476148  2132211
994173  13849171  5112426
440614  5508428  1898510
805625  11824160  3559918
724336  10383953  2814314
139924  2012611  385202
405282  5486527  1750909
121885  1441808  336501
792886  11931961  2377112
224477  3041216  617603
607109  10269452  1763909
358775  5334028  1053905
299456  5120526  889205
346616  5553828  1024505
230675  3314517  1079106
763553  11519558  2281712
372749  5604928  1644709
778089  11289957  3467718
770953  10838655  3017616
998911  13009366  4000120
926157  12122762  3983320
220541  2675114  683404
300675  4513223  1314206
169688  2258712  754604
810187  12138562  2436012
344217  5386327  1469808
943363  12991866  4070821
235222  2861814  719204
734891  10986656  2150411
551225  9884450  1613909
285991  4484023  1213706
630829  10188052  2706613
156993  2135410  521103
945008  12826065  3700419
588237  9100947  1747809
346699  5170526  1522208
678044  10726054  2924915
244743  2926915  714504
320050  4794624  1408807
721808  11137357  2773214
169953  2381113  481202
124867  1494208  358801
898164  12856366  2642413
497574  7672740  2131710
651445  10412553  2866215
115934  1386307  326502
287144  4119121  1257706
597077  9894651  2557613
688001  10119851  2651214
539865  8260142  1640708
623952  9781050  2671714
609070  9142546  2633414
507300  5949530  2179511
323703  4827925  1396307
175120  2324612  749804
973959  13664569  3895720
149412  2091211  460202
565563  9238547  1663109
101233  1409707  279501
80910  1107506  270501
435538  6490233  1898210
378252  5336127  1137006
233482  3332717  1022805
593299  10211452  1761909
611379  10019851  1796610
606364  10002051  1767809
767706  11528258  2258912
378384  5835830  1680108
219257  2737814  960405
850100  12168362  3739119
641644  9822250  1893910
152780  2111011  682103
938867  13129667  3773019
637709  9662849  1860410
696520  11018956  2070111
278664  4607723  1201206
566913  9779550  2489113
407941  5151826  1780009
366940  5275227  1546308
972290  13234567  3874120
833619  11274858  3284916
455845  5535629  1961410
391742  5506428  1680808
649794  10176852  2792514
392818  5002826  1669308
473052  6349733  2039710
174921  2295112  771504
734637  11274557  2269112
234404  3070715  1240007
453103  6446633  1959110
477816  6345932  2086611
843948  11963261  3353217
488909  5876830  2133110
814900  11706560  3544518
736092  10488754  2919115
836913  11443858  3845219
517991  6442633  2297012
255676  2986815  1144606
721211  11637459  2132711
965579  13593870  3917019
197423  2484713  588703
319167  4719624  1403207
837342  12022562  3389417
355016  4674824  1597108
857450  12282263  3787319
163281  2192911  491903
372039  5240626  1684309
989958  13579169  4098621
845287  11411058  3401117
207821  2638014  592503
956641  13205367  3910120
160554  2190911  464903
327376  4803824  1416907
854006  12267463  3744819
850644  11522659  3413317
673347  9678550  2978015
987869  12837065  11621259
62016  848505  305601
166108  2433513  496002
589234  10069252  1726908
796998  11959361  2401613
880230  17845590  3611318
942812  13004966  4178622
676990  10354852  2048111
939983  13318368  3778119
862391  11517359  3446817
123528  1443607  384301
68145  982805  210802
638823  10105751  1891510
455189  6308232  1342207
201081  3079915  860305
830625  12191162  3531518
335800  4509023  1448207
889022  12540564  3851520
55214  670003  177701
602913  9679550  1824009
578605  10142952  1728708
193108  2440713  610603
223808  3041915  970605
864991  12642665  3397717
238361  2857315  655903
689372  10534454  2028610
687421  10873656  2064510
335072  5140726  1448408
950428  13034166  3806820
418276  5529728  1955910
181514  2338212  797504
690938  10912055  2063411
513160  6925935  2207011
553769  9226247  1764709
213221  2736514  933405
263790  4537723  1167406
356364  5161827  1548607
660363  9877551  2875314
519316  6080231  1950710
817498  11434559  3236316
853185  11465659  3767119
822115  11220857  3312617
897349  11864960  3951220
550901  9078147  1656408
67972  990605  187701
440570  6571634  1975210
94027  1228906  259601
332425  5465728  1468908
501615  6676634  2198911
692975  11052456  2765014
571083  8796945  2501013
449961  5481428  2006810
165886  2261312  477702
187161  2853415  841904
931810  13371468  3739819
154128  2125011  488703
306479  4466522  1419608
525610  9402247  1584709
869793  14402773  3876820
830084  11880860  3338917
630048  9637149  2843715
165751  2229111  491203
711340  10801255  2104311
58895  1535207  200601
289123  4969825  861704
235240  3139016  1018405
791764  12012262  2401112
919300  13135967  3653018
691650  9808049  2094411
271059  4596224  1177906
304198  4639223  1319907
616341  9849050  2646014
289574  4128321  1260106
470145  6721534  2050011
558186  9504548  2437913
611804  9263047  2696314
459334  5875830  1989010
999827  13870370  4087021
146466  2070511  444302
291196  4326322  1288707
855383  12398663  3363317
196082  2521713  543403
473755  6273432  2111511
316114  4724724  1389307
189790  2397312  1401507
208235  2880615  956805
488943  6928535  2125411
521842  6841935  2275211
778383  11301658  3413117
795183  11376858  3112916
96585  1221406  333402
536866  8988846  1625208
621305  10082052  1854809
272904  4479323  1206106
786573  11462358  3514418
481410  5754330  2125811
424089  5698329  1864009
163895  2245112  495302
852898  13033467  2507812
536895  10150752  1560708
689811  11012956  2026610
791732  12213963  2353812
796700  11944561  2324911
215587  2978916  954204
128062  1503208  564203
625777  10950856  1854509
347347  5210527  1078905
645695  11161757  1911210
723175  11362658  2141211
285457  4709924  821004
167270  2670214  750203
573424  10299553  1782209
392483  5609129  1748309
106975  1331406  327002
164090  2467313  517002
883148  13020967  2588313
337651  5437528  993605
624278  10774654  1823910
780152  11825560  2348212
937144  13285168  2847014
693636  11440459  2079210
702667  11201257  2077511
586884  10250652  1729109
564133  9890950  1695609
328503  4917925  970205
111028  1527308  475802
254313  3525818  1128406
817922  12352063  2462912
552001  10340353  1618408
333481  4970426  1454107
165845  2212311  742404
295136  4899825  1274307
468010  6269332  2057910
978626  13488169  4615223
86578  1258107  256501
471905  6435933  2191811
210606  2667414  673403
837184  12820966  2449312
866179  12830165  2616314
577149  10471153  1719609
927448  13023366  2815715
703622  12738065  2255411
956391  13573169  3905520
139797  2130311  427302
774030  11296558  2283911
840103  12641265  3391817
712008  10048351  2132211
220917  2903315  975705
601810  10142652  1743309
427874  6010130  1875610
231462  2800714  1021305
328813  5305827  1470508
583302  9529248  2581814
72814  1028805  201401
61825  752104  205301
549612  9227247  1611808
913706  12864866  2713613
755378  11752060  2263412
559303  9765650  1641108
879989  12573764  2556413
851844  12742965  2515613
928594  13342768  2753914
923465  19922301  3095316
884244  13405669  2670213
656832  10874156  1994110
852330  12469863  2524813
561718  9786050  1733309
794372  11603359  2320512
676797  10797755  2008910
430190  6072531  1920510
897780  12481863  3562119
575412  8607244  2503012
260961  3054216  783304
138718  2113511  420502
851776  12648064  2519613
585405  10049851  1773209
484502  6508734  2085210
679942  10324053  2935815
964785  12516764  3806919
570106  8854745  2573613
378898  4947925  1106906
544575  9877150  1654109
870282  12449663  2635114
722120  11408958  2143411
710050  10993556  2222911
967396  13685170  3899220
666221  9719849  1966310
850686  12375963  2675514
562079  9893450  1616709
118320  1450407  347002
287756  4822525  880904
387016  6126631  1141406
272287  4904725  814804
61568  729304  190901
626991  10623154  1832509
100666  1284807  304702
265458  4660123  761404
705748  11112957  2119511
104334  1306706  293102
928303  13380268  2781714
510365  7364938  2241211
387153  5432528  1196606
984085  14040571  3984321
268124  4065920  774004
173235  2710414  771104
965786  13995472  4183821
204191  2568813  579503
468793  6476833  2197611
529029  9555849  1573308
446339  6039431  1977710
461144  6232232  1993610
169121  2287011  708604
841838  12447763  3399018
427328  5408227  1793909
370791  5351028  1627808
325693  4955225  1454108
981723  13421268  3932120
432339  5369727  1852710
195749  2515513  886904
611389  10278253  1818009
64186  755804  221501
502946  6909535  2202411
837915  11979661  3297117
815680  10977556  5108826
956805  12476264  3912420
330960  4421322  1072606
536682  9764250  1587808
297245  4586723  904405
946927  13343768  3740419
505798  6010830  2173411
633293  9964651  2849215
393867  5003225  1727909
74834  1041705  206501
292019  4843725  1280407
467060  6320532  2018510
110524  1341107  306102
410617  6022230  1777309
236211  2978316  1015205
887349  12887765  3459418
326432  4422723  1395307
681137  10004451  2943115
632933  9334647  2717714
202116  2600613  587003
430663  5841730  1929310
444948  6039931  1932110
579873  10156851  2615114
366905  4819424  1551908
646584  10472754  2448012
261832  3049616  807404
818999  12385163  2453912
427208  6367833  1886309
715183  11407658  3082615
508610  5964831  2187311
915355  12808565  3622519
919507  12027561  3955520
752562  10735955  2963815
255001  2987015  768304
266890  4240022  1154806
949367  13049166  3780919
870351  11685860  3722019
741130  10658354  2867015
926218  12168462  3647319
385677  4930325  1649308
941509  12869366  4023320
514754  6141631  2219012
546471  9514448  1675309
411852  5736329  1827209
645672  12463864  3716119
972533  12933066  4284222
872104  12074361  3564218
552309  8833745  1808410
912610  12979366  3720519
233936  2956215  742104
923304  13273667  3732019
713539  10480754  2178011
987351  13979971  4347322
788926  11404058  2305312
186819  2789114  818404
597400  10769455  1734709
254612  3207917  1214006
138240  2170911  407402
733608  11985561  2324512
283250  4706424  819204
467813  7068536  2022310
868964  12869566  3637819
765535  10898155  3080416
152657  2558913  556503
214726  2772014  769704
94334  1225206  279001
137283  2497013  580703
585561  9652649  1835510
437576  6139031  1960210
757617  11175957  3263117
584569  9325947  2553613
390325  5063726  1693609
669373  10517453  3205217
761840  10794855  2942815
456693  5550828  1966210
773186  11385158  3359517
222538  2751914  677004
967707  13174667  3880419
857503  11638660  3412517
284763  4074021  1239306
517788  6451133  2056511
552263  8957745  1646509
701405  10542853  3082616
98701  1257107  323001
293032  4174321  1289306
163312  2212711  490003
435600  6608534  1874109
508793  6729734  2230212
529114  9381748  1527807
245906  2932915  1054206
496086  7013035  2176412
702839  11154956  2810014
112483  1378907  321602
479684  6213231  2140911
752078  11354558  3278017
968671  13038866  4130321
704139  10201252  3042916
85482  1331207  236501
444665  5692429  1940910
332878  4941525  1415307
262692  4260022  1107306
322392  4749124  1422807
990374  13361168  3907720
568772  9280247  2515013
402376  5115426  1841810
327927  5096626  1379507
820689  11849460  3309717
69017  993805  219401
235358  2805414  684604
145864  2201611  465402
386349  5942030  1155006
242758  3348317  1050205
812690  12011861  2460413
