n-random VectorInsertion[ns] ArrayInsertion[ns]
153756  2919515  636603
645892  11813161  2637713
252627  3869820  806904
633298  11294757  2434513
488463  7067936  1482807
844726  13079167  2507013
812580  12801765  3580218
404518  6205532  1208506
534568  10117652  1622208
409084  5923930  1199106
746716  12022462  2202911
234269  3094316  1023605
931546  13466169  3707018
148721  2086910  427802
161089  2199012  574402
558649  9626349  1648208
986075  13623769  3929020
179168  2344012  529503
918136  13222967  3980821
66446  977005  183701
371001  4881225  1132405
541940  10301353  1633308
804435  12487164  2430812
837248  12558564  2507413
71321  1022505  197401
985447  14040172  2945615
283108  5136426  843404
983793  13894371  3944320
441642  5515728  1895410
463986  6212132  2032510
442739  6056431  2099011
958310  13199367  3801019
296054  4165622  879604
184859  2628914  790404
843616  12563864  3330217
125749  1509307  363602
392556  5138526  1145206
734740  11687360  2155011
932851  13335568  2829114
148052  2491313  623003
95091  1236806  275102
722349  11665659  2147211
575019  9725650  1682008
321825  4940925  956804
295180  5183327  878004
714430  11174657  2124511
804235  11921861  2431312
899870  12990866  3926120
538714  8974845  1696609
516704  6863935  2258911
306574  4755725  1366007
970243  13271167  3890920
261175  3057416  769704
705570  10908255  2084111
384635  5658729  1696908
715450  11107657  2779714
669855  9520949  2912115
812742  11184357  3508217
512782  6223932  2239612
220266  2678513  956205
392626  5936730  1770309
178681  2313412  789704
160290  2366612  709904
319924  5124326  1417107
899103  12728565  3571018
129961  1546708  398902
708479  10512354  2103411
697172  11034056  2053110
853594  12713365  3396317
955081  12375564  3860519
963282  12471564  3793119
848392  11310758  3750719
461518  5600228  2001911
154576  2127211  692103
183775  2810614  862205
155986  2475112  663604
552580  9832750  1656208
308737  4800725  1283306
596971  9892651  2585313
933902  12149962  3707619
195246  2515613  573703
308044  4557723  1334107
216040  2653913  945205
862627  12662565  3357317
656565  9433248  1925510
308400  4843524  1357107
379670  5356727  1646509
107078  1321207  295101
891559  12611764  4058021
439881  5573628  1933010
329393  4851125  1464308
931697  13819170  3702219
560288  8981046  2523313
107724  1306006  318802
528682  9039346  1562008
534554  9115946  1604809
879827  12397163  3798919
177636  2303912  554203
311549  4611523  1368307
878095  12340663  3487618
801854  11017656  3499218
999883  12970066  4057221
902234  11850960  3585518
222095  2815415  651403
219172  2704514  897304
375604  5783030  1642408
930987  12559264  3649219
842010  11330758  3588218
270757  3970120  1152006
868096  12203062  3366817
83889  1113906  232601
768677  10876456  2318511
52525  642204  145000
631605  10460754  1852409
446656  6233232  1925610
276746  4318322  826804
180576  2605513  788804
955513  13407869  3751419
934228  12254562  4052721
458422  5641829  1970810
388349  6652334  1747809
365682  5377727  1597108
634400  10711755  2509913
192768  2460812  562103
795335  11612559  2523513
317453  5098226  1403307
917627  13358168  4023021
534940  9077446  1757809
243046  3027916  1060905
152698  2363712  675603
551396  10409753  1659708
884144  13155067  3724719
85425  1158006  278001
907682  12519864  2761914
451722  6782835  1441207
865327  12974366  2610414
421659  6294332  1298606
452584  6897235  1387708
812260  12591164  2512313
411906  6377332  1240506
520825  7686940  2320511
249983  3070916  1121006
462664  7005335  1972610
847594  12347162  3286117
869184  11547159  3710219
863090  11851260  3393718
826719  11488158  3354617
572288  8839445  2483213
560283  8465943  2519213
346292  4525723  1544908
713770  10643954  3069716
810910  11300558  3140916
187612  2384712  582403
280508  5706829  825204
904050  14224973  2684913
404504  6343033  1737508
476109  6456433  2085811
663053  10262552  2889015
888351  11885061  3477417
158943  2190112  456402
255031  2994515  924505
602715  9907450  1810610
318238  4892825  1386607
756861  11046356  3270017
480146  6400932  2097111
318057  4816324  1328506
684480  10580854  2909815
700895  10232652  2646614
527796  8361742  1539708
283775  4488423  1203306
358098  5154726  1568508
530953  8980145  1542008
864452  12200562  3710919
763883  10765755  2954115
475808  5862030  2126411
984919  14326773  3926820
622606  9268347  2659214
392196  5004525  1699309
384994  5379027  1670709
521807  6857935  2221311
526557  9100247  1581308
64546  733203  216001
573692  9821550  1676808
934996  12890266  3714319
125944  1454707  422502
173598  2280112  504703
682759  10423753  2064710
655440  10243152  1951610
261127  3200417  1153606
884108  12667964  3860420
645780  9764950  1916909
429039  6009831  1876510
273692  4322122  1172206
375431  5321927  1619008
599315  10146452  2258111
461658  5552228  2010711
942783  13079366  4072421
330012  4523223  1474108
302715  4672624  1305406
443544  6202932  2000210
748012  11635159  3016816
400940  5280627  1861209
886810  12633765  3619518
192534  2664314  643203
374287  5498528  1648908
923450  13029467  4180421
269882  4180821  1233407
793288  11869860  3301617
169543  2336712  543403
499521  6530633  2160911
74820  1213006  250501
157451  2346811  481703
395093  6154331  1794409
135728  2051111  606803
604298  10539054  1785409
413201  5942030  1922110
165191  2377712  696904
672632  10802555  2084810
411960  6076131  1787909
474140  6463533  2250212
369694  5272427  1653408
409620  5880430  1811209
317552  4987126  1462407
948126  13486669  4421523
893813  12437263  4226822
107715  1647508  388202
328386  4936125  1456508
465315  6578933  2127911
597501  10787655  2592913
621818  22511515  2925115
202923  4439523  765304
432691  7866640  2088810
764806  12195562  3512318
289201  4841425  1291907
480632  6466033  3351317
659524  10611354  2931815
587417  9476548  2534413
700565  11360858  2713614
508105  7548438  2228012
140440  2103210  523203
340772  5550128  1066906
272458  5479728  1448107
732323  12569364  5512928
135181  2216512  620103
585066  10585354  1796909
261898  3197316  1201306
912502  18614895  3758520
239650  3081315  750504
208575  2654914  906404
803836  12053262  2364712
856473  12101561  3764120
553572  8870245  1633608
84895  1137106  250501
191812  2585713  806905
654143  10834855  1980410
209159  2836114  905205
712088  11417458  2591213
91361  1221107  299301
196684  2917815  860304
907325  12956866  3650218
322112  4350922  1410207
355079  5131726  1492807
60262  746104  166401
380007  5736029  1701909
648878  10180552  2793614
357807  4688224  1567908
635505  10291352  2754614
715702  10445154  2781514
220450  3025815  682004
813778  11764960  2496212
374066  5760330  1107205
583666  10179452  1767209
243034  2970315  1060206
890734  14067272  3907119
597857  9451148  1775109
870161  12562864  3378117
456737  5652829  2063310
359145  5445028  1573808
405768  5687329  1753209
253363  2974715  1151006
600118  10384153  1772509
282049  4538023  1245507
645866  11590359  2849614
647047  16287583  2499613
681232  10560754  3037315
448794  5628729  1979510
477563  7122436  2078711
391745  5674629  1717009
411793  7501238  1815609
643245  10434953  2909715
134140  2106011  506203
516068  7053736  2299611
220275  4226522  964805
98124  1285006  438803
741133  12251062  2362212
897498  15093477  2620713
875984  13624169  2598813
821143  12902766  2448413
614334  10735754  1969010
990424  13613170  4515823
976992  13190967  5383227
987168  13144167  4110621
731187  10658855  2256911
375297  5737730  1149905
975202  14359274  3988420
935854  12651264  2924415
434979  6563234  1886809
546299  9411648  1664309
92573  1187806  280201
899599  12903366  3854820
466863  5750329  2000310
500048  6561834  2156311
138475  1989110  381702
773769  12030661  2260012
409569  5998530  1765409
566476  9907151  2431612
400958  5270027  1847409
284129  4660224  851905
839338  12853865  2461413
890162  13806270  2675814
328636  5532528  1305207
946124  13949571  3044215
579633  10249352  1815310
792804  12959566  2391712
771892  13641370  2436312
271067  6033731  857804
935130  14046772  2902615
368432  6875835  1079105
520557  8014041  2230411
692481  10713755  3162616
610956  9091646  2782715
295443  4218721  889505
398046  6176031  1833710
999296  14231572  4117821
774830  12580964  3382117
658555  10502554  2487013
312726  4432522  942705
366155  6205932  2191411
549219  10853755  1742309
394661  12104862  2017310
877753  17426489  4215722
834153  12549064  3340317
297568  4350622  2540613
309151  5615529  953205
301544  5377727  908405
963889  13633769  3842520
57144  724203  184801
583194  8789845  1758909
424716  5901030  1789309
782789  11368058  3354117
308829  4327822  895205
140182  2450213  579402
590862  10369253  1802710
286585  4580423  1211106
594008  10559754  2542713
237831  2900315  718903
164061  2237012  689803
594956  10790955  1780309
116194  1404608  359301
276583  4791925  985705
909547  13771270  2822314
560464  11886761  1944910
288410  4519223  896805
234547  3363617  1261406
775684  13057567  2809414
127473  1673709  566503
517550  7510938  2354412
657205  11938361  2586213
172413  2552813  475202
429947  6142331  1867409
360850  5280527  1789109
821954  12036062  3593018
483272  5956430  2081611
467606  6047031  2125411
443135  6566733  1927410
173787  2369812  771804
482804  6894135  2181411
119967  1656309  360402
752360  11613559  2344012
259854  3377117  1194906
939510  13621670  3906919
857927  12001862  8584143
855018  17199988  3885120
574470  9611149  1734709
505402  6873735  2221711
231273  2914115  1009905
638456  10910956  1926210
463590  6359132  2010810
99140  1276407  334701
969933  13249168  3878020
409514  5100026  1791009
728861  10982756  2848214
367596  4759125  1579408
561673  9190547  2570013
405104  5098226  1777209
917051  12686064  3929120
299153  4199322  1303106
920160  12957267  3671318
319021  4402323  1417807
860475  12138562  3403217
316763  4297822  1393107
635615  10031951  2729914
940063  12268663  3708519
348972  4648323  1558908
824758  11906661  3579918
373656  4825625  1610708
223650  2706914  687003
606056  10623955  1798409
345304  5304727  1018305
430989  6388333  1871509
979577  13312468  3912620
51313  668803  179801
557298  9059846  2443213
957263  12420663  3800419
766874  10600854  3012815
274905  4390322  868805
342359  5738229  1082906
875246  13136566  2565614
766720  11792560  2249811
155085  2337712  657203
402120  5955831  1762609
783570  11481358  3415318
832992  11151857  3264916
324338  4460223  1388507
437297  5943830  1907210
476685  6332932  2052011
896274  12617564  3919520
95877  1243606  315002
768841  11302658  2243611
291986  4839425  1288706
941316  13950171  4008621
750921  13204167  2949415
452026  5673629  1994410
325115  5078926  1404007
569278  10489354  2598013
735422  10499954  4740524
348293  4754524  1629508
589380  10023252  3826819
762348  11839560  3600419
366656  5038226  1632608
79484  1184506  346502
147466  2349012  440502
300758  6650334  944405
907384  14040371  3027716
949363  15340178  2991215
558638  10044851  1776209
585813  9955851  2883915
890489  12910066  3957820
697630  11539359  2071910
72434  1060906  200301
503241  8318642  2182411
799548  16038082  3703819
585443  9361148  2510712
899367  17089987  3686918
59153  748304  208701
661547  11411058  3050016
846739  11792460  3312217
188415  2453813  790204
893762  12660264  3619219
933270  12254262  4008620
576753  9262447  1688108
124437  1518008  375602
971992  13506469  3855719
875512  16399983  2580413
997952  14027772  4059421
535219  8851345  1584708
917952  12907566  2717913
489429  7016936  2105911
997915  13700870  4043920
705510  10165152  3041216
69232  998405  214201
971353  13096267  3961220
104751  1309407  340001
985385  13488769  3984720
896279  11833561  2644613
432666  6545534  1867409
533992  9872350  1712509
745093  11646959  3047616
411306  5566328  1780409
61098  679103  241501
101125  1279907  281501
614392  9871551  1820409
743914  12149362  2182811
987062  14007271  4004621
623324  9220647  1844009
85041  1145006  276601
607442  10554054  1906810
169609  2276612  724403
837901  12070662  3640218
568821  9040246  1684609
558150  9915151  1642408
778256  11598459  2276712
669804  10950455  1992711
745316  11555759  2208311
970914  13817470  3952620
895000  12613065  3586318
638265  9341748  1923809
169430  2407313  729403
407981  6047631  1797109
525337  8975446  1564608
438928  5955531  1924909
475631  6091631  2026211
968374  13210567  3861620
841148  11254657  3609418
710395  10149151  2752414
365411  4760925  1611408
843941  12083061  3628419
364402  4715024  1605708
308004  4649424  1332207
451819  6067031  1982910
697551  10760654  3008816
970748  12490763  3851820
575599  9094146  2504913
390572  4946225  1653709
280007  4408722  1196706
789800  11458259  3061315
266467  3865420  1189906
346421  5062026  1497708
733903  10973156  3144216
158583  2213611  502003
172139  2319511  628304
485602  6926935  2245111
179296  2446313  758104
420397  6200931  1857210
261142  3045415  1178006
879336  12773665  3510318
337940  4715824  1474308
718159  10625054  3129616
669690  10084451  2528013
451362  5513428  1953110
72313  1021406  205101
163218  2452312  481403
638132  10690154  1947410
210185  2671414  916204
535919  9661850  1572308
73832  1037405  238101
335078  5309027  988105
282075  5036326  908104
463018  7069436  2087210
367123  5319427  1085806
394353  6132531  1687609
404946  5621228  1776709
290013  4464123  863105
866621  12855065  2557113
614577  10257552  1808610
215753  2697513  946705
641517  10395553  1926210
981317  13362868  4072921
659516  9499448  2004111
230170  3066715  998805
217251  3256817  985805
829634  12621664  3769919
770453  10737054  2250012
165808  2480412  696704
363930  5635529  1665408
362542  5397328  1590408
446385  6400532  2019811
936947  13061266  4013821
324140  4616323  1470008
328349  5095126  1432807
385899  5852830  1732209
804285  11567959  3159916
743603  10306852  3215817
753179  10406253  3235416
172590  2326512  475403
119049  1490407  368602
171139  2255612  756303
663213  12174762  1953810
327181  5030826  1451607
186008  2385612  822004
680095  11281557  2088611
788890  11865361  2336111
819274  12310263  2461513
159471  2420212  681704
213898  2929314  930604
639748  10792455  1928010
696263  11047856  2046111
921199  13082266  3794719
395885  5045626  1741008
452111  6179832  1970610
762941  12122762  2979515
60494  740904  199101
884478  12088861  3855320
247240  2959015  719804
571231  9590949  1701408
671841  10778455  1991410
61650  705803  229001
468386  6542534  2046710
914883  12835065  3667319
807694  10995256  3224917
255079  2993615  752404
264149  4235321  1165406
353295  5119126  1573608
740770  11040657  3226616
771836  10671755  3347417
461763  5576728  2033010
139018  2049411  382802
992811  14241372  2968316
861755  12921565  2565313
863797  13007067  2611813
383259  5919130  1148906
642892  11003156  1883310
589833  10479553  1734309
139829  2006910  593403
181158  2637114  808004
336458  5304327  1592308
737252  11651160  2950215
174718  2421712  514503
922412  12732064  3674619
801998  10917856  2403012
913512  12772665  3962020
386914  4921525  1645409
933650  12967066  3756219
528713  8592544  1568008
601446  9962451  2610913
477903  5673629  2079411
768813  11486858  3003815
783975  10762755  3376817
595389  9389848  2602114
589617  9270147  2263111
564752  8541144  2454212
797484  10859756  3467917
596498  9426349  2634913
688978  10167752  2671313
781321  10652555  3477517
861688  11466959  3473018
535922  8379942  1623709
702631  10790055  3091615
816918  11136657  3270517
426034  5273827  1866409
879382  12864266  3924120
913211  12095661  3768620
822894  11190557  3354617
813389  11348058  3725719
104973  1297206  289402
444681  5759829  1995610
720914  11211457  2864115
152903  2116011  486302
474074  6172332  2103110
994536  13707470  4205722
50683  635303  201001
418373  5398928  1864309
414970  5871030  1873510
547008  9573248  1668309
939747  13107267  4245521
194172  2499413  572503
465379  5896830  2093111
232251  2866514  1033906
497344  6969335  2282412
194514  2456612  881505
592531  10626154  1728209
395274  5811029  1760409
470095  6315933  2065410
587227  9991051  2598313
354790  4652524  1570908
660283  10765355  2495713
563392  8653744  2449512
671806  9789550  3160016
788785  11123457  3095016
726604  10216052  3162616
473683  5701929  2147711
50278  628103  201801
711498  11106957  2099711
102376  1266506  317102
968922  14085171  4214222
864832  12984666  2517113
998725  14168272  4008621
89526  1189806  248701
749553  10749655  2191911
452355  6391133  1360706
830344  12451364  2462512
841877  12563765  2528212
138445  2240412  381702
410381  6420333  1193606
964787  13944071  2861414
84187  1304007  368702
652228  10688154  1929210
700530  10491454  2066910
640172  10320953  1917710
612599  10115251  1815209
773111  12485464  2402512
67585  984605  289102
725101  11529459  2157011
265605  4535623  813204
624237  10510453  1811510
593498  9865050  1780409
791795  11729860  2308212
126919  1512807  379102
104609  1419608  496402
278014  5037926  845304
914125  13116767  2696514
174037  2694413  802204
168482  2515312  726404
521951  7262237  2345012
191498  2439912  858505
159350  2427112  680404
761067  11703259  2230812
778127  11820360  2280012
899288  12888265  4037021
868371  11951061  3552418
994678  13373268  4026721
859337  11642759  3401117
786453  10849956  2327711
501130  7148536  2200311
121418  1425207  384502
59406  680704  239501
161152  2592513  719804
832359  11952161  3606818
620460  9536449  2095011
705539  11078656  2071911
510774  6949635  2234411
137525  1984511  425702
454204  6694034  1975210
628729  10293352  2701714
459519  5605029  2051010
783055  11432859  3107215
123883  1433008  414202
451171  5734929  2047910
722472  10941756  3184316
92144  1224407  254801
332226  4731524  1419607
941644  13127567  3793920
113824  1379007  355301
335528  4551623  1487307
242974  2896115  1050805
774316  12315863  2415112
169612  2501312  750104
992924  13949271  4098721
332075  4420723  1483107
354621  5149426  1584309
289094  4570523  1240406
295637  4573623  1297007
253241  2994115  1109606
175738  2608513  847305
546328  9781549  1642208
607330  10088851  1818210
504015  6919835  2180411
891032  12471264  3512217
722245  10150552  3163716
135156  1993010  409603
548374  9329747  1646709
422357  5871429  1848410
699477  10857555  3066516
629559  9724949  2469413
930584  12167762  4076921
919165  12199062  3759219
364711  4758224  1074306
570812  10386753  1707709
817880  12101261  2384412
384681  5921431  1149905
611773  10776954  1811810
667989  10854455  1993410
198471  2627614  921004
897368  13073267  3612918
168818  2251912  510502
957286  13558069  7609239
291406  4235422  1330807
341098  5021325  1476208
879646  12512764  4078720
342154  4739125  1485407
696418  11001556  2746714
493486  5839230  2151411
257212  3014715  1123606
530945  9098646  1566208
746491  10712955  2223211
325580  5195327  1386507
891803  12722765  3864920
200861  2516712  618304
225108  2754214  886604
435330  6326432  1930910
837319  12353163  3272517
510264  6031731  2232611
193363  2441713  848404
338263  5571628  1529108
658938  10345753  2878814
87836  1219407  273901
355951  4788725  1542407
773890  11645560  3022015
901004  12073962  3604118
196754  2496813  582003
677593  10331952  2012011
346075  5263827  1543507
783313  11457159  3508518
311227  4265221  1370007
465541  6292932  2072811
657592  10485753  2896915
772355  10858556  3069215
107239  1312207  361802
170906  2248511  495103
341766  5325927  1462607
967137  13397669  3978020
719486  10173652  3184316
766286  11131257  3476618
601177  9548848  2507813
325545  4453123  1486807
891781  12925766  4065221
60779  695403  253002
976968  13364368  3987320
313144  4326722  1491508
543701  9572449  1675708
695546  10935956  3081816
291020  4119621  1313506
472906  6459933  2105511
644323  10427653  2532913
636851  9320448  2805414
994030  12883666  4059320
980295  12800065  3923120
965251  12660165  3844320
961541  12505363  4166422
732808  10600554  2807514
756872  10497653  3299617
636511  9610849  2754814
288850  4223822  1244506
860073  12863266  3361317
864632  11527759  3359917
350503  4745524  1514608
639188  10036151  2762314
667708  9783050  2889415
420919  5238726  1826410
120848  1446907  373002
561888  10149952  1660908
770270  11487459  2331312
568201  10155651  1652209
538437  10229552  1583408
365926  5133426  1607408
448837  6210832  1943910
134395  1965610  375802
300000  4978725  1343607
182158  2353812  542503
373831  5850230  1107905
60746  706004  282101
775632  12176462  2274012
201234  2793414  883605
453300  6484733  2039810
280663  4411923  1224406
147425  2066111  405902
710899  11658559  2088311
164708  2393912  493102
867125  12966867  2589613
58969  693903  195501
400173  6298432  1166506
826055  12354563  2484913
478862  6746134  2075211
119270  1421507  328702
270060  4821724  1147806
124150  1501608  343102
947595  13459768  3788520
515544  6102131  2258811
271407  4343822  1155506
250489  2954215  1084306
408183  6038831  1807009
342129  5035626  1521507
360119  5181827  1562408
718037  10997756  3146916
594629  9455048  2242212
373241  4817524  1658409
996442  13628469  4016320
326946  4550424  1432707
539728  9538149  1618408
518619  6609534  1952309
864594  11958760  3931920
340274  4529324  1447707
350325  5085726  1542208
715333  11140457  2884414
81583  1097106  225701
527758  8561244  1558208
997922  13625969  4476423
306958  4350822  1357507
474502  6284232  2138111
740575  11341158  2901014
759842  10469153  3313217
377329  4835224  1650909
99235  1242506  302802
539363  9812650  1626408
668010  10702655  1970010
553166  9810950  1638508
945849  13162967  3800719
367873  4778725  1596908
679501  10758355  2956515
311152  4281522  1370807
152322  2103710  420903
364239  5776029  1068105
351777  5659528  1035106
231577  3308816  1008006
380211  5866730  1680108
421675  5895830  1809809
527407  9732850  1585808
522547  7339638  2305211
962694  13448869  3849519
578473  9135147  2544213
394336  4983425  1711309
745957  11368058  2875115
116223  1437407  326602
183453  2386512  536903
367133  5495128  1559808
220598  2719113  963805
431404  6290932  1875910
348620  5072426  1521808
70978  1010205  219101
50505  614003  192801
185696  2808414  554903
718407  11433858  2122010
899547  13494569  2714314
422390  6445533  1884009
601269  9813150  2650314
896469  12071661  3591119
714182  10037151  3143916
708200  10171252  3159116
752643  10753055  2966015
223939  2706014  681203
624778  10022951  1900510
666489  10489353  1975010
863628  12649565  3838719
967797  12666264  3984420
512834  6023231  2333012
668633  14419373  2614114
373978  4906525  1609508
527727  8967346  1596708
768218  11375158  3370517
815398  11107857  3218916
559351  8486343  2425513
787572  10730554  3442318
632684  9640049  2753414
470423  5650929  2038910
548214  9692650  1689708
879985  12471264  3480218
364805  4769324  1708709
478715  6409232  2102111
765970  11345958  3035315
585508  8797945  2522513
473260  5685729  2055211
460478  6283232  2002410
933895  13069766  4079921
307628  4280622  1331507
462088  6197831  2022311
612166  10429853  2343512
388898  4973325  1729309
218481  2673314  945204
641221  10443153  1899609
625007  10091952  1856609
104797  1355307  288702
228284  3178216  1012305
874409  12669665  3823719
452204  5490128  2000910
793093  11878461  3280217
98639  1288006  331802
154598  2319112  442502
778164  11755060  2318712
452938  6627434  2002510
192155  2488712  863805
304763  5052326  1366807
821128  11851360  3660319
925884  12231162  3796219
783274  10953256  3101716
483270  5811430  2134310
462376  6270632  2067911
579306  9646949  2578613
486070  5738930  2199211
649219  10219552  2884015
903184  11996661  3807519
147830  2138511  433102
68849  992205  190101
710316  10938256  2084111
429839  6268532  1873609
399604  5589629  1762409
542332  9452048  1697308
840492  12004662  3780519
62828  733004  202701
665054  10335452  2009011
405310  5855629  1777310
185450  2407312  576403
524786  10068751  1517608
876766  12494464  2548913
582862  10475053  1707109
233711  2843414  1009505
550159  9964951  1647508
567196  9891850  1753309
264105  4269222  1147605
427689  5994431  1925510
577583  10196252  2693114
559329  9385947  2146311
592971  9278248  2542313
595069  8883645  2590713
430293  5334627  1865910
111062  1347907  371302
145463  2250211  401002
561600  9886951  1681708
612840  10170952  1816109
561254  9434848  1699609
487134  6540233  2120511
726689  11185557  3194016
947095  12470264  3776019
148960  2096311  448302
805749  11688860  2688614
572732  12187862  1722808
857724  12497864  3408718
643409  9369647  1932610
513637  6788835  3188016
694176  10620054  3060916
750995  10728854  3355418
